	Gamma for n_discr = 100, eta = 0.05, eps = 1e-10, N_iter = 100000, cyclic_lr = True, is 

 		[0.99999    0.99902473 0.99798772 0.9971055  0.99619158 0.99515146
 0.99436832 0.99313163 0.99208665 0.99111894 0.98999859 0.98895618
 0.98823076 0.98703041 0.98598573 0.98526511 0.98418103 0.98348444
 0.98246151 0.98149153 0.98064041 0.97951198 0.97847574 0.97724014
 0.97596832 0.97499562 0.97377661 0.97247788 0.97144232 0.97035533
 0.96907019 0.96785275 0.96717506 0.96620166 0.96509311 0.96410658
 0.96321119 0.9619399  0.96098174 0.95982456 0.9589261  0.95811345
 0.95704322 0.95625118 0.95547072 0.95448559 0.95359441 0.9529188
 0.95243181 0.95147746 0.95052905 0.94970547 0.94878814 0.94788015
 0.94656894 0.94579421 0.94500808 0.94419034 0.94302932 0.94224296
 0.94126805 0.94077395 0.93970253 0.93891056 0.93829584 0.93746626
 0.93660036 0.93552194 0.93474015 0.93379839 0.93298013 0.93239687
 0.93100607 0.93037699 0.92922235 0.92830494 0.92741263 0.92647328
 0.92562929 0.92522956 0.92437255 0.9234018  0.92243485 0.92176153
 0.92080375 0.91976395 0.91886388 0.91774431 0.91648662 0.91553637
 0.91461863 0.91372153 0.91283564 0.91200439 0.91108648 0.90987366
 0.90924298 0.90824297 0.90744256 0.9066923 ]

=========================================================================================================
