	Gamma for n_discr = 100, eta = 0.05, eps = 1e-10, N_iter = 100000, cyclic_lr = True, is 

 		[0.99999    0.99642704 0.99328163 0.98813946 0.98439654 0.98016439
 0.97609803 0.97195095 0.96792072 0.96353594 0.95934991 0.95530795
 0.95346147 0.94998224 0.94656519 0.94274261 0.9385457  0.93425708
 0.93043181 0.92617745 0.92312222 0.91933421 0.91530276 0.91120764
 0.90760099 0.90343822 0.90031253 0.89683491 0.89419426 0.8894245
 0.88591013 0.88249422 0.87896801 0.87564242 0.87211594 0.86917737
 0.86501887 0.86025966 0.85740379 0.85386571 0.85088582 0.84826986
 0.8446167  0.84218118 0.83977584 0.83661714 0.83337369 0.82998654
 0.82714637 0.82377955 0.82061416 0.81601563 0.81262085 0.80986412
 0.80647937 0.80357129 0.80081251 0.79814753 0.79426911 0.79204363
 0.78829206 0.7839777  0.78143877 0.7787023  0.77552091 0.77387767
 0.77068177 0.7684708  0.76493678 0.76234904 0.75882388 0.7561621
 0.75340356 0.75085248 0.7474496  0.74547722 0.7421223  0.73932924
 0.73609895 0.73342956 0.73059393 0.72766677 0.72548382 0.72372013
 0.72109422 0.71793286 0.71476601 0.71217309 0.70889641 0.70645287
 0.70272402 0.7002166  0.69823868 0.6944955  0.69147474 0.68851005
 0.68477899 0.68276531 0.68045108 0.67729823]

=========================================================================================================
