	Gamma for n_discr = 50, eta = 0.05, eps = 1e-10, N_iter = 100000, cyclic_lr = True, is 

 		[0.99999    0.9975827  0.99569226 0.99341632 0.99177012 0.98967316
 0.98819454 0.98616598 0.98473984 0.9830783  0.98117146 0.9796382
 0.97790337 0.97562003 0.97384332 0.97203388 0.97035362 0.96827746
 0.96645212 0.96447214 0.96191513 0.95967873 0.95716384 0.95510553
 0.95361504 0.95150515 0.94963485 0.94796895 0.94583258 0.94385802
 0.9420155  0.9399144  0.93772103 0.93591743 0.93383694 0.93225447
 0.93022253 0.92844601 0.92677995 0.92497407 0.92297121 0.92136317
 0.91976717 0.91766422 0.9162541  0.91419962 0.91256752 0.91081068
 0.90859366 0.90670266]

=========================================================================================================
	Gamma for n_discr = 50, eta = 0.05, eps = 1e-10, N_iter = 100000, cyclic_lr = True, is 

 		[0.99999    0.99790972 0.99529049 0.99342625 0.9911921  0.98917337
 0.98726647 0.98507628 0.98292631 0.98064241 0.97905888 0.97740758
 0.97596693 0.97428489 0.97253359 0.97030464 0.96877661 0.96670349
 0.96469864 0.96290068 0.96078785 0.95864568 0.95630482 0.95426188
 0.95229822 0.95041089 0.94839289 0.94680437 0.9455009  0.94341764
 0.94132753 0.93928782 0.93730117 0.9349678  0.93336662 0.93096932
 0.92920397 0.92761806 0.92585745 0.92423097 0.92245967 0.92028183
 0.91863999 0.91680449 0.91476038 0.91303982 0.91118041 0.90918078
 0.90716822 0.90528901]

=========================================================================================================
