	Gamma for n_discr = 100, eta = 0.05, eps = 1e-10, N_iter = 100000, cyclic_lr = True, is 

 		[0.99999    0.99938942 0.99905868 0.99888276 0.99880311 0.99830373
 0.99768385 0.99748634 0.99660149 0.99619322 0.99594572 0.99563746
 0.99534754 0.99494203 0.99479    0.99443589 0.99376893 0.99325427
 0.99309288 0.99269447 0.99227507 0.99210966 0.99195057 0.99158058
 0.9911566  0.99086133 0.99029284 0.98979718 0.98953755 0.98940226
 0.98903143 0.98892215 0.98867789 0.98809662 0.98760147 0.9868931
 0.98657802 0.98605943 0.98542056 0.98528786 0.98493147 0.98443759
 0.98398796 0.98362573 0.98315213 0.98278545 0.98246488 0.98199727
 0.98146279 0.98108745 0.98061808 0.98031268 0.98032214 0.980142
 0.97979342 0.9793592  0.97916104 0.97893296 0.97847373 0.97799509
 0.97763132 0.97717764 0.97684755 0.97656906 0.97623147 0.9756928
 0.97518005 0.974804   0.9743427  0.97371931 0.97342791 0.97299496
 0.97209435 0.97121268 0.97086847 0.9703217  0.96986851 0.9694536
 0.96880689 0.96877546 0.96810785 0.96754568 0.96722329 0.96672773
 0.9656988  0.96536232 0.96503541 0.96484549 0.96423213 0.96353116
 0.96278782 0.9624879  0.96188193 0.96153127 0.96111962 0.96093891
 0.96049811 0.95992264 0.95988397 0.95953294]

=========================================================================================================
