	Gamma for n_discr = 50, eta = 0.05, eps = 1e-10, N_iter = 100000, cyclic_lr = True, is 

 		[0.99999    0.99767667 0.99550971 0.9933527  0.99166051 0.98993961
 0.98791638 0.98580739 0.98380025 0.98149866 0.98006888 0.97829079
 0.97588989 0.97383242 0.97186692 0.96986049 0.96764305 0.96583764
 0.9634496  0.9616839  0.9597177  0.95745428 0.95524101 0.95300972
 0.95129467 0.9491129  0.94729525 0.94545811 0.94391012 0.94164042
 0.94003171 0.93791168 0.93619895 0.93425598 0.93217041 0.92966193
 0.92772949 0.92619758 0.92451632 0.92272028 0.92079851 0.91923902
 0.91706494 0.91557691 0.91375621 0.91169803 0.90955275 0.90770644
 0.90610848 0.90464062]

=========================================================================================================
	Gamma for n_discr = 50, eta = 0.05, eps = 1e-10, N_iter = 100000, cyclic_lr = True, is 

 		[0.99999    0.99772761 0.99534881 0.99332746 0.99149833 0.98921303
 0.98740653 0.98543166 0.98338061 0.98118024 0.97899793 0.9776447
 0.97547146 0.97327875 0.97129923 0.96945839 0.9675414  0.9657889
 0.96384626 0.96192646 0.95998597 0.95806292 0.95579897 0.95370089
 0.95244421 0.95096194 0.94870572 0.94672517 0.94451429 0.94279352
 0.94096982 0.93942618 0.93714156 0.93559244 0.93371879 0.93180733
 0.92952507 0.92742605 0.92553465 0.92370979 0.92197764 0.92023037
 0.91829695 0.91663751 0.9151105  0.91339112 0.91175543 0.91007621
 0.90777911 0.90593552]

=========================================================================================================
	Gamma for n_discr = 50, eta = 0.05, eps = 1e-10, N_iter = 100000, cyclic_lr = True, is 

 		[0.99999    0.99839958 0.99608626 0.99423373 0.99229015 0.99051571
 0.98876213 0.98692555 0.98509918 0.983065   0.98161978 0.97955597
 0.97752278 0.97516148 0.97266066 0.97069041 0.96873702 0.96698636
 0.96526213 0.96343082 0.96163884 0.95948006 0.9570827  0.95528452
 0.95357941 0.95166587 0.95001494 0.94817029 0.94623006 0.94438641
 0.94197756 0.93947545 0.93752737 0.93524104 0.93318766 0.93130731
 0.92934607 0.92773281 0.92626545 0.9243944  0.9223111  0.9206521
 0.91856543 0.91657967 0.91468252 0.91261445 0.91127972 0.9098037
 0.90822758 0.90628961]

=========================================================================================================
	Gamma for n_discr = 50, eta = 0.05, eps = 1e-10, N_iter = 100000, cyclic_lr = True, is 

 		[0.99999    0.99848246 0.99633171 0.99424724 0.99255441 0.99076434
 0.98883934 0.98674212 0.98492244 0.98303871 0.98138305 0.97978062
 0.97772221 0.97561957 0.97345262 0.9714498  0.96932442 0.96788462
 0.96572951 0.96392343 0.96191644 0.9596157  0.9576291  0.95560429
 0.95379337 0.95183463 0.94992392 0.9478067  0.94607889 0.94437317
 0.94231955 0.94043052 0.93889149 0.93683408 0.93543631 0.93329841
 0.93142006 0.92940309 0.92743334 0.92531093 0.92322684 0.92143729
 0.92007812 0.918682   0.91685035 0.91490481 0.91266625 0.91093688
 0.90900342 0.90755835]

=========================================================================================================
	Gamma for n_discr = 50, eta = 0.05, eps = 1e-10, N_iter = 100000, cyclic_lr = True, is 

 		[0.99999    0.99809123 0.9957453  0.99367041 0.9914081  0.98965147
 0.9878338  0.98571057 0.98381348 0.98187299 0.97960177 0.97722458
 0.97504021 0.97283477 0.97106114 0.96942417 0.96738271 0.96573707
 0.96351652 0.96169477 0.95982698 0.95759013 0.9553414  0.95376242
 0.95154681 0.94941979 0.94787704 0.94571095 0.94394681 0.94243583
 0.94030011 0.93843338 0.9368643  0.93525697 0.93374692 0.93212961
 0.92963387 0.9277099  0.9258152  0.9241747  0.92208754 0.92037708
 0.91881343 0.9168444  0.91505237 0.91336014 0.9117487  0.90963794
 0.90797996 0.90605207]

=========================================================================================================
