	Gamma for n_discr = 100, eta = 0.05, eps = 1e-10, N_iter = 100000, cyclic_lr = True, is 

 		[0.99999    0.97909177 0.9596688  0.93760519 0.91915848 0.9001555
 0.88230009 0.86465758 0.84760749 0.83115277 0.81280243 0.79761308
 0.78073732 0.7657251  0.75187751 0.73782221 0.72258898 0.70880769
 0.69391063 0.68023716 0.66805228 0.65520484 0.64128731 0.62772915
 0.61784134 0.60358651 0.59213638 0.57959254 0.56788653 0.55772041
 0.54803639 0.53799543 0.5260097  0.51538789 0.50469202 0.49502488
 0.48587978 0.47647438 0.46458397 0.45713101 0.44674506 0.43886469
 0.43003848 0.42391242 0.4170171  0.40900217 0.40144279 0.39248524
 0.3837953  0.37730489 0.36830407 0.36165433 0.3549371  0.34839644
 0.34254299 0.33556841 0.32720552 0.32072958 0.31605287 0.30940978
 0.30504321 0.29787206 0.29145073 0.28726308 0.28223523 0.27509757
 0.27165144 0.26660465 0.26152297 0.25683276 0.25089376 0.24492784
 0.24190444 0.23870462 0.23245958 0.22901929 0.2248429  0.22162854
 0.22048914 0.2135838  0.21030902 0.20646544 0.20479076 0.20200031
 0.19676657 0.1915795  0.18666422 0.18342738 0.17905132 0.17432707
 0.17117499 0.16856314 0.16601582 0.1621496  0.15792024 0.15343742
 0.15114442 0.14726616 0.14300811 0.13968183]

=========================================================================================================
