	Gamma for n_discr = 200, eta = 0.05, eps = 1e-10, N_iter = 100000, cyclic_lr = True, is 

 		[0.99999    0.99951481 0.99904125 0.99864672 0.99795619 0.99761897
 0.99718011 0.99696163 0.99647691 0.99590357 0.99541192 0.99505367
 0.99443586 0.99380623 0.99357596 0.99289363 0.99247587 0.99189095
 0.99136432 0.99066674 0.99008507 0.98960928 0.98899673 0.98850971
 0.98811275 0.98760039 0.98709499 0.98670169 0.98630498 0.98572504
 0.98530442 0.98500449 0.98437311 0.98351162 0.98297586 0.98254374
 0.98212071 0.98163118 0.98123871 0.98079639 0.98037075 0.97969454
 0.97914232 0.97867648 0.97784845 0.97713165 0.97658973 0.97605064
 0.97569497 0.97523645 0.97472837 0.97417454 0.97360225 0.97311389
 0.972874   0.97219121 0.97173911 0.97112078 0.97063968 0.96995338
 0.96938607 0.96895447 0.96833734 0.96793507 0.96743235 0.9670927
 0.9665622  0.96581726 0.96522519 0.96494436 0.96433066 0.96377482
 0.96343227 0.96307843 0.96249817 0.96208053 0.96180771 0.96150508
 0.96113761 0.96060533 0.96025949 0.95973352 0.95935036 0.95917581
 0.95871334 0.95839823 0.95800733 0.95750209 0.95686585 0.95655131
 0.95619284 0.95578798 0.95545116 0.95497331 0.95432821 0.9538867
 0.95328028 0.95288081 0.95256287 0.95204638 0.95138146 0.95077605
 0.95025827 0.94991635 0.94959284 0.94924301 0.9486008  0.94801972
 0.94741571 0.94674898 0.94604814 0.9453806  0.94523603 0.94498632
 0.94443495 0.94394999 0.94357519 0.94312545 0.94240222 0.94200861
 0.94163391 0.9409935  0.94062405 0.94014549 0.93972382 0.93919057
 0.93845196 0.93779013 0.93767271 0.93699838 0.93675743 0.9363592
 0.93584644 0.93525095 0.93481041 0.93446097 0.93400146 0.9335478
 0.93283404 0.93222031 0.93171803 0.93152538 0.93111329 0.93075399
 0.9304869  0.9301084  0.92969698 0.92918113 0.92894883 0.92841507
 0.92792866 0.92725176 0.92667851 0.92628329 0.92585725 0.92556042
 0.92514713 0.92465154 0.92397035 0.92370954 0.92333972 0.92300663
 0.92247016 0.92205754 0.92183524 0.92158893 0.92117915 0.92062659
 0.92022318 0.91977764 0.91936958 0.91863386 0.91776375 0.91728262
 0.91717296 0.91673917 0.91631482 0.91608581 0.91569712 0.91506807
 0.91442351 0.91388943 0.91334256 0.91304818 0.91254291 0.91192335
 0.91149594 0.91098538 0.91060434 0.91021575 0.90954895 0.90942197
 0.90904455 0.9087005  0.90819252 0.90784959 0.907508   0.90714714
 0.906573   0.90607326]

=========================================================================================================
	Gamma for n_discr = 200, eta = 0.05, eps = 1e-10, N_iter = 100000, cyclic_lr = True, is 

 		[0.99999    0.99960101 0.99919813 0.99867502 0.99804055 0.99747056
 0.9970287  0.99649145 0.99584946 0.99532436 0.99482643 0.99440936
 0.99402336 0.99329494 0.99259848 0.99216663 0.99180194 0.99129916
 0.9905857  0.98982051 0.98941481 0.9888874  0.98837433 0.9878607
 0.98740936 0.98674234 0.98611938 0.98585709 0.98546511 0.98492358
 0.98449102 0.9839159  0.98328527 0.98269391 0.98236141 0.98189785
 0.98139611 0.98085461 0.98036166 0.97991699 0.97947066 0.97889278
 0.97850284 0.97818858 0.9776718  0.97702588 0.97671127 0.97613779
 0.97570755 0.97523935 0.97460359 0.97420157 0.97354286 0.97287891
 0.97229673 0.9718091  0.97102461 0.97045799 0.9699949  0.96939917
 0.96887209 0.9680548  0.9676767  0.96726579 0.96677278 0.96624399
 0.96580781 0.96529095 0.96461688 0.96418447 0.96375937 0.96303745
 0.96258828 0.96189347 0.96134128 0.96079914 0.96032907 0.9597827
 0.95935843 0.95872456 0.9582647  0.95777185 0.95734024 0.95680799
 0.95613083 0.95548922 0.95490881 0.95443149 0.95402652 0.95348358
 0.9530124  0.95243792 0.95207994 0.95171815 0.95139671 0.95096044
 0.9506037  0.95013833 0.94959222 0.94913567 0.94879551 0.94812272
 0.94768735 0.94728041 0.94694074 0.94643531 0.94599185 0.9454548
 0.94513156 0.94478218 0.94432507 0.94388447 0.94342347 0.94300546
 0.94259754 0.94211497 0.94162242 0.94120893 0.94058365 0.94011229
 0.9394312  0.93884681 0.93847826 0.93797443 0.93774713 0.93715733
 0.93661396 0.93633475 0.93577444 0.93539612 0.93479962 0.93418369
 0.93343468 0.93288512 0.93226005 0.93160083 0.93107675 0.93060169
 0.93024615 0.92977336 0.92934116 0.92904887 0.92850374 0.92798533
 0.92744528 0.92751281 0.92702806 0.92669744 0.92626854 0.92568331
 0.92512154 0.9246607  0.92422923 0.92391248 0.92339746 0.92284409
 0.92240274 0.92191699 0.92160496 0.92123999 0.92083908 0.92031745
 0.91971257 0.91912711 0.91858064 0.91810748 0.9176215  0.91730178
 0.91682555 0.916399   0.91591475 0.91570794 0.91523957 0.9148378
 0.91445071 0.91391243 0.91346245 0.91314576 0.91279539 0.91228318
 0.91175554 0.91149564 0.91066464 0.91026901 0.90989082 0.90942933
 0.90883542 0.90812603 0.90758651 0.9072893  0.90709676 0.9064769
 0.90604977 0.90563485 0.90513101 0.90456209 0.90397454 0.90324423
 0.902605   0.90204853]

=========================================================================================================
