	Gamma for n_discr = 50, eta = 0.05, eps = 1e-10, N_iter = 100000, cyclic_lr = True, is 

 		[-1.21004777e+299 -1.21004777e+299 -1.21004777e+299 -1.21004777e+299
 -1.21004777e+299 -1.21004777e+299 -1.21004777e+299 -1.21004777e+299
 -1.21004777e+299 -1.21004777e+299 -1.21004777e+299 -1.21004777e+299
 -1.21004777e+299 -1.21004777e+299 -1.21004777e+299 -1.21004777e+299
 -1.21004777e+299 -1.21004777e+299 -1.21004777e+299 -1.21004777e+299
 -1.21004777e+299 -1.21004777e+299 -1.21004777e+299 -1.21004777e+299
 -1.21004777e+299 -1.21004777e+299 -1.21004777e+299 -1.21004777e+299
 -1.21004777e+299 -1.21004777e+299 -1.21004777e+299 -1.21004777e+299
 -1.21004777e+299 -1.21004777e+299 -1.21004777e+299 -1.21004777e+299
 -1.21004777e+299 -1.21004777e+299 -1.21004777e+299 -1.21004777e+299
 -1.21004777e+299 -1.21004777e+299 -1.21004777e+299 -1.21004777e+299
 -1.21004777e+299 -1.21004777e+299 -1.21004777e+299 -1.21004777e+299
 -1.21004777e+299 -1.21004777e+299]

=========================================================================================================
