	Gamma for n_discr = 100, eta = 0.05, eps = 1e-10, N_iter = 100000, cyclic_lr = True, is 

 		[0.99999    0.99786462 0.99582625 0.99413458 0.99203489 0.98961869
 0.98730438 0.98529637 0.98325863 0.98142447 0.97934656 0.97752354
 0.97558836 0.97336715 0.97123294 0.96859952 0.96579055 0.96400387
 0.96244779 0.96065655 0.95865395 0.95687165 0.95556066 0.95371475
 0.9512472  0.9499794  0.94743554 0.94536571 0.94348732 0.94101184
 0.93965067 0.93798194 0.93544117 0.93391581 0.93157865 0.93028468
 0.9290196  0.9272067  0.92515567 0.92357241 0.92168077 0.92041377
 0.91779437 0.91621442 0.91488857 0.91257379 0.91080276 0.90968087
 0.90845487 0.90663158 0.90466066 0.90217842 0.89995811 0.89804107
 0.89633298 0.89443963 0.89276872 0.89101492 0.88891221 0.88687139
 0.88495149 0.8828688  0.88124971 0.87929305 0.87802843 0.87610157
 0.87431516 0.87262056 0.87116937 0.86943437 0.86735356 0.86503817
 0.86290483 0.86098349 0.85914098 0.85809989 0.85630463 0.85485291
 0.85251085 0.85087874 0.8491912  0.84768671 0.8464696  0.84455847
 0.84243633 0.84070893 0.83963344 0.83788768 0.836367   0.83428477
 0.83289648 0.83116813 0.82994551 0.82767436 0.8254613  0.82327898
 0.82189951 0.82076218 0.81900938 0.81678726]

=========================================================================================================
