	Gamma for n_discr = 100, eta = 0.05, eps = 1e-10, N_iter = 100000, cyclic_lr = True, is 

 		[0.99999    0.9987561  0.99780059 0.99675145 0.99567185 0.99440145
 0.99344801 0.99244871 0.9914595  0.99060387 0.98982398 0.98880621
 0.98754801 0.98662229 0.98571393 0.98470301 0.98351975 0.98269896
 0.98145619 0.980203   0.9790723  0.97818591 0.97700997 0.97599742
 0.97484534 0.9738907  0.97234052 0.97123711 0.97027816 0.96959552
 0.96837763 0.96744644 0.9666301  0.96552527 0.96472438 0.96387535
 0.96287244 0.9619349  0.96104962 0.95995868 0.95899962 0.95810875
 0.95686543 0.95598309 0.95495449 0.9543448  0.9533157  0.95217543
 0.95096561 0.95014201 0.94927228 0.94829489 0.94719157 0.94640215
 0.94537226 0.94417166 0.94303941 0.94185784 0.94099028 0.94022831
 0.93963588 0.93861205 0.93747312 0.93685956 0.93602287 0.93506577
 0.93406678 0.93289655 0.93228867 0.93109287 0.93000336 0.92903707
 0.92828174 0.92795914 0.92689408 0.92602095 0.92487958 0.92397158
 0.92300544 0.92212044 0.92079944 0.91994739 0.91915826 0.91854168
 0.91746257 0.9163454  0.91509751 0.91391273 0.91291914 0.91176557
 0.91091286 0.91002068 0.90903883 0.90829185 0.90735599 0.90661729
 0.90585349 0.90486915 0.9040968  0.90311685]

=========================================================================================================
	Gamma for n_discr = 100, eta = 0.05, eps = 1e-10, N_iter = 100000, cyclic_lr = True, is 

 		[0.99999    0.99927554 0.99850886 0.99721089 0.99627963 0.99516289
 0.99396672 0.9929474  0.99222064 0.99111867 0.98996349 0.98869646
 0.98776133 0.9872897  0.98622572 0.98526766 0.98401906 0.9829173
 0.98164843 0.98076156 0.97968994 0.97888103 0.97808889 0.97728604
 0.97612002 0.97513765 0.97389786 0.9730146  0.97190152 0.97123318
 0.9703168  0.96921342 0.96827067 0.96690453 0.96575132 0.96460869
 0.96341165 0.96262264 0.96150044 0.9604151  0.95953071 0.95871686
 0.95788744 0.95680175 0.95588834 0.95463118 0.95366928 0.95247855
 0.95134155 0.95034027 0.94921947 0.94830592 0.94732178 0.94653282
 0.9456241  0.94451964 0.9440146  0.94301562 0.94219144 0.94132734
 0.940726   0.939861   0.93906463 0.93751988 0.93660812 0.93550723
 0.93457635 0.93376343 0.9329833  0.93202943 0.93116748 0.93033899
 0.92959534 0.92843743 0.92729613 0.9262512  0.92533193 0.92454909
 0.92332993 0.92248227 0.92174685 0.92077235 0.91972126 0.91859303
 0.91776772 0.91687772 0.91624647 0.9152885  0.91434396 0.91317533
 0.91215932 0.91096842 0.91038173 0.90917093 0.90830734 0.90727158
 0.90624359 0.90509738 0.90434104 0.90329912]

=========================================================================================================
