	Gamma for n_discr = 100, eta = 0.001, eps = 1e-10, N_iter = 100000, cyclic_lr = False is 

 [0.99999    0.99403113 0.99211943 0.99327038 0.99103013 0.99098524
 0.98809624 0.98795313 0.98705085 0.98562071 0.98610054 0.98583254
 0.98280107 0.98320235 0.98051798 0.98215178 0.97947869 0.97836206
 0.97828044 0.97684658 0.97688185 0.97462646 0.97412133 0.97293292
 0.97211734 0.97083782 0.97027771 0.96841929 0.96784982 0.96817179
 0.96688619 0.96514956 0.96587598 0.96502011 0.96250304 0.96316811
 0.96033917 0.96109711 0.96036577 0.95790679 0.9591014  0.95699495
 0.95517221 0.95449841 0.95187006 0.95255878 0.94953223 0.94946474
 0.94909649 0.94755076 0.94600157 0.94514992 0.94604481 0.94277329
 0.94223427 0.94201678 0.94008759 0.93876715 0.93794186 0.93765001
 0.93699657 0.93717996 0.93636637 0.93549631 0.93342981 0.93246448
 0.93040462 0.92971126 0.92964255 0.92733285 0.92625726 0.92716768
 0.92666483 0.92622255 0.92321066 0.92436269 0.9226879  0.92276219
 0.91948923 0.92094855 0.91904722 0.91759596 0.9171054  0.9165235
 0.91570792 0.91333929 0.9143013  0.9135683  0.91101943 0.90939186
 0.90896293 0.91021837 0.90804012 0.90589987 0.90573889 0.90581926
 0.905205   0.90331341 0.9025195  0.90034541]

=========================================================================================================
