	Gamma for n_discr = 100, eta = 0.05, eps = 1e-10, N_iter = 100000, cyclic_lr = True, is 

 		[0.99999    0.99842836 0.99768358 0.99649444 0.9953973  0.99430432
 0.99359886 0.99253994 0.99163638 0.99026875 0.98915521 0.98819304
 0.98709338 0.98608272 0.9850565  0.98417541 0.98333249 0.98203752
 0.98090114 0.97992014 0.97870057 0.97772144 0.97672158 0.97579646
 0.975066   0.97397058 0.9730487  0.97206048 0.97122864 0.97019403
 0.96914099 0.96825179 0.96723747 0.96632643 0.965372   0.96461452
 0.96387443 0.96314569 0.96226873 0.96111182 0.96032013 0.95913569
 0.95841212 0.9571538  0.95613351 0.95543788 0.9543626  0.95364246
 0.95244992 0.95175229 0.95069785 0.94994689 0.94864969 0.9476154
 0.94665483 0.94562169 0.94490228 0.94367938 0.94294585 0.94237743
 0.94111091 0.94008766 0.93923167 0.93816547 0.93736058 0.93645355
 0.93540482 0.9343814  0.93348448 0.932249   0.93127689 0.93014496
 0.92928878 0.92840971 0.9275559  0.92636149 0.92520541 0.92417045
 0.92273746 0.92189295 0.92082014 0.91975749 0.91871205 0.91806457
 0.91706419 0.91622119 0.91495438 0.9141825  0.91287349 0.91198614
 0.91077278 0.90960419 0.90859328 0.9076311  0.90642604 0.90537001
 0.90444628 0.9037694  0.90271457 0.90179516]

=========================================================================================================
