	Gamma for n_discr = 20, eta = 0.01, eps = 1e-05, N_iter = 100000, cyclic_lr = True, is 

 		[[ 7.21260844e-001              nan              nan -7.22208021e+256
  -3.40394160e+189  1.04936664e+136  4.40367515e+093  4.56017392e+062
  -1.97137467e+039 -4.56241081e+023  1.36964497e+014 -5.41028125e+006
   3.16401291e+002  5.63465729e+000  3.62426463e-001 -4.59436956e-003
  -5.04507097e-002 -1.03476688e-001 -4.07452911e-002  1.21408780e-001]
 [-4.63116262e-001              nan              nan  7.22208021e+256
   3.40394160e+189 -1.04936664e+136 -4.40367515e+093 -4.56017392e+062
   1.97137467e+039  4.56241081e+023 -1.36964496e+014  5.40881447e+006
  -3.18111569e+002 -4.54287351e+000  2.48844117e-001  1.46728501e-001
   8.06489786e-003  1.40028812e-001  2.10793816e-001 -1.94128217e-001]]

=========================================================================================================
