	Gamma for n_discr = 20, eta = 0.01, eps = 1e-05, N_iter = 100000, cyclic_lr = True, is 

 		[[ 7.36287112e-001              nan              nan              nan
               nan -1.14352680e+264  1.49950774e+194 -5.02764348e+136
   2.16080961e+091 -3.60163961e+056 -1.09090420e+032  6.37614919e+015
  -1.53127295e+006  2.14890141e+000 -2.12979173e+000 -1.20261559e-001
   1.95680683e-001  4.87950530e-001  2.41035825e-001 -2.13737156e-001]
 [-4.72764518e-001              nan              nan              nan
               nan  1.14352680e+264 -1.49950774e+194  5.02764348e+136
  -2.16080961e+091  3.60163961e+056  1.09090420e+032 -6.37614889e+015
   1.54905839e+006 -5.84346574e-001  4.23560174e+000 -2.18040156e-001
  -2.13210812e-001  2.47085193e-001 -1.25171968e-001 -9.40958832e-002]]

=========================================================================================================
