	Gamma for n_discr = 20, eta = 0.01, eps = 1e-05, N_iter = 100000, cyclic_lr = True, is 

 		[[ 7.36287112e-001              nan  5.87255899e+303 -2.25340209e+173
  -1.41911452e+095  1.11553872e+051  2.13978514e+027 -4.96706912e+013
  -2.33757421e+006 -2.40287743e+002 -1.69182899e+000  4.40297807e-001
   1.55072367e-001 -1.67741305e-001 -1.76004826e-001 -2.71633829e-001
  -1.79034509e-001 -1.83664265e-001 -1.63406163e-001 -1.13723261e-001]
 [-4.72764518e-001              nan -2.49523815e+304  2.25340209e+173
   1.41911452e+095 -1.11553872e+051 -2.13978514e+027  4.96706912e+013
   2.33757376e+006  2.40599654e+002  8.68073821e-001 -5.23752894e-001
  -1.16881905e-001  3.25158186e-001  3.25949394e-001  1.84675259e-002
  -2.01943969e-001  2.13687931e-001 -4.76722812e-002  1.17350682e-001]]

=========================================================================================================
