	Gamma for n_discr = 50, eta = 0.01, eps = 1e-05, N_iter = 10000, cyclic_lr = True, is 

 		[[ 0.84138685  0.82925408  0.83636937  0.83323953  0.83401537  0.83512613
   0.83218254  0.82859932  0.82601272  0.82605941  0.82313223  0.82029609
   0.81415316  0.81926025  0.81096564  0.80831491  0.80477059  0.79692513
   0.79591773  0.79319205  0.78783574  0.78216276  0.77240628  0.76719875
   0.76396825  0.7524556   0.74851198  0.74084122  0.73135633  0.72905329
   0.71975025  0.71426819  0.70552162  0.70298392  0.69025248  0.68866995
   0.68607422  0.67413392  0.66781699  0.66177262  0.65435041  0.64272317
   0.63396145  0.62430594  0.6214165   0.61129072  0.60543792  0.60279195
   0.58986223  0.58638718]
 [-0.54024828 -0.50919391 -0.48365705 -0.46197146 -0.44005158 -0.42457823
  -0.40826554 -0.38948892 -0.37097021 -0.34948974 -0.33188415 -0.31634638
  -0.30162196 -0.28158838 -0.26893879 -0.25140526 -0.23310588 -0.21854867
  -0.20718951 -0.19485032 -0.18234601 -0.17479953 -0.1610122  -0.1460734
  -0.13170796 -0.11755657 -0.10989529 -0.09822086 -0.08404465 -0.08018096
  -0.06355165 -0.0533766  -0.04665562 -0.03816275 -0.0281867  -0.01466796
  -0.00973128  0.00088503  0.00629453  0.01941995  0.02663568  0.03616821
   0.04596002  0.05005836  0.0566107   0.06366699  0.06768695  0.07654343
   0.08354479  0.08984116]]

=========================================================================================================
