	Gamma for n_discr = 20, eta = 0.01, eps = 1e-05, N_iter = 100000, cyclic_lr = True, is 

 		[[ 7.21260844e-001              nan              nan              nan
   1.11125620e+271 -1.37018668e+187 -3.40362048e+124 -1.09609098e+079
   4.06042856e+046 -8.09032857e+024  3.10159136e+011  2.84357501e+003
   4.47749723e+000 -2.73809645e-001 -1.64046957e-001  7.74075996e-002
  -3.30835896e-001  3.56058822e-001  9.96702003e-003  1.13034709e-001]
 [-4.63116262e-001              nan              nan              nan
  -1.11125620e+271  1.37018668e+187  3.40362048e+124  1.09609098e+079
  -4.06042856e+046  8.09032857e+024 -3.10159134e+011 -2.74028306e+003
   3.30440976e-001 -1.98920421e-001 -5.94970734e-001  3.55250488e-001
   2.06976112e-001  1.37062478e-001  3.37661168e-001  1.34144082e-001]]

=========================================================================================================
