	Gamma for n_discr = 20, eta = 0.01, eps = 1e-05, N_iter = 100000, cyclic_lr = True, is 

 		[[ 7.01225821e-001              nan  6.36885296e+297 -6.41028071e+185
   1.94457345e+110 -2.30031891e+062  7.98795525e+033 -5.69702909e+017
   1.43670067e+009  4.38058135e+004 -3.29009074e+002 -1.99061396e+001
  -4.70622022e+000 -8.46690118e-001 -3.14472706e-001 -6.84457908e-001
  -4.31714540e-001 -1.77161165e-001 -1.14206594e-001 -1.13782769e-001]
 [-4.50251922e-001              nan -1.04392303e+299  6.41028071e+185
  -1.94457345e+110  2.30031891e+062 -7.98795525e+033  5.69702909e+017
  -1.43670073e+009 -4.38085158e+004  3.30047769e+002  1.94474137e+001
   5.50097625e+000  1.39534294e+000  1.03832144e-001  8.39156029e-001
   1.51533447e-001  1.70065794e-001 -1.07099383e-001 -1.63245699e-001]]

=========================================================================================================
