	Gamma for n_discr = 20, eta = 0.01, eps = 1e-05, N_iter = 100000, cyclic_lr = True, is 

 		[[ 7.47974209e-001              nan              nan -6.96407807e+236
  -8.18832987e+141 -7.24631908e+080  6.75411306e+043  5.85178066e+022
  -6.71488357e+011 -1.54836968e+007 -2.00178403e+004  5.37104317e+002
  -4.40226018e+001 -3.53870116e+000 -9.56003953e-001 -4.93868366e-001
   5.86887477e-002  3.33208160e-003 -8.20781362e-002 -1.89720906e-001]
 [-4.80268716e-001              nan              nan  6.96407807e+236
   8.18832987e+141  7.24631908e+080 -6.75411306e+043 -5.85178066e+022
   6.71488357e+011  1.54836917e+007  2.00174764e+004 -5.37250758e+002
   4.38934870e+001  3.72210577e+000  8.38176862e-001  5.80171558e-002
   1.24087368e-001  7.75814917e-002  1.31878932e-001  2.01026242e-001]]

=========================================================================================================
