	Gamma for n_discr = 20, eta = 0.01, eps = 1e-05, N_iter = 10000, cyclic_lr = True, is 

 		[[ 0.84138685  0.83493924  0.83077783  0.83439127  0.83787327  0.83879502
   0.83832976  0.8395546   0.84087441  0.83463509  0.83950672  0.835305
   0.83782634  0.84107298  0.83406563  0.83438717  0.83393655  0.83741798
   0.83451001  0.83123179]
 [-0.54024828 -0.51908412 -0.51572682 -0.50131681 -0.48963257 -0.47914071
  -0.46910481 -0.45391208 -0.44583204 -0.4337106  -0.42088905 -0.41608493
  -0.39977662 -0.39819188 -0.38248784 -0.37957621 -0.36645812 -0.36098771
  -0.34619036 -0.34196283]]

=========================================================================================================
