	Gamma for n_discr = 20, eta = 0.01, eps = 1e-05, N_iter = 100000, cyclic_lr = True, is 

 		[[ 7.01225821e-001              nan              nan              nan
               nan -2.78505163e+247 -4.50859451e+183 -5.70322972e+130
  -1.15307964e+088  2.03873022e+055  9.41060008e+031 -2.69780957e+016
   3.19801542e+007 -1.95403800e+003 -1.85156628e+000  1.52646504e+000
  -3.84540783e-001 -1.47263071e-001 -2.85819329e-001  2.14422319e-001]
 [-4.50251922e-001              nan              nan              nan
               nan  2.78505163e+247  4.50859451e+183  5.70322972e+130
   1.15307964e+088 -2.03873022e+055 -9.41060008e+031  2.69780958e+016
  -3.19779742e+007  1.91867082e+003  1.14112855e+001 -7.13305137e-001
  -1.50998626e-001 -4.56452104e-002  7.94099764e-002  1.91265568e-001]]

=========================================================================================================
