	Gamma for n_discr = 20, eta = 0.01, eps = 1e-05, N_iter = 100000, cyclic_lr = True, is 

 		[[ 7.01225821e-001              nan  1.70338785e+284 -9.44527759e+218
  -2.20574291e+166 -3.85694718e+124  8.48097839e+090 -2.21150394e+064
   3.60447794e+043  2.45502161e+028 -8.96398655e+016  2.25934747e+009
   5.09407478e+004  1.97842380e+002  1.19055874e+000 -2.61805220e-001
   3.71419253e-001  7.05109350e-002  1.54767536e-001 -1.09433696e-002]
 [-4.50251922e-001              nan -5.63143111e+283  9.44527759e+218
   2.20574291e+166  3.85694718e+124 -8.48097839e+090  2.21150394e+064
  -3.60447794e+043 -2.45502161e+028  8.96398655e+016 -2.25935590e+009
  -5.09854101e+004 -2.41042003e+002 -7.18182943e+000 -5.73419484e-001
   5.25616318e-001 -1.77764278e-001 -6.81916650e-002  5.34602195e-002]]

=========================================================================================================
