	Gamma for n_discr = 20, eta = 0.01, eps = 1e-05, N_iter = 100000, cyclic_lr = True, is 

 		[[ 7.36287112e-001              nan              nan              nan
               nan              nan  1.53689382e+267  5.66098288e+196
   1.35287824e+139 -5.44905612e+094 -9.55056761e+062 -3.72300757e+037
  -5.06701621e+019 -8.86147452e+008 -2.07119491e+002 -4.64029358e-001
  -1.12945869e+000 -1.18064131e-001  9.68030333e-002  8.34041332e-002]
 [-4.72764518e-001              nan              nan              nan
               nan              nan -1.53689382e+267 -5.66098288e+196
  -1.35287824e+139  5.44905612e+094  9.55056761e+062  3.72300757e+037
   5.06701621e+019  8.86429866e+008  2.20749587e+002  2.67743121e+000
  -2.69708908e-001  1.19106117e-001  1.64417057e-001  1.03477424e-002]]

=========================================================================================================
