	Gamma for n_discr = 20, eta = 0.01, eps = 1e-05, N_iter = 100000, cyclic_lr = True, is 

 		[[ 7.36287112e-001              nan              nan              nan
               nan  1.24054908e+240 -1.98902860e+148  4.55842495e+083
  -1.92360768e+041  6.14508849e+016 -3.00745590e+004  3.22173162e+000
  -7.18209648e-001  7.87947405e-002 -4.51618149e-001  2.19681838e-001
  -1.48446114e-001 -1.70780768e-001 -2.67870716e-001  5.53118790e-002]
 [-4.72764518e-001              nan              nan              nan
               nan -1.24054908e+240  1.98902860e+148 -4.55842495e+083
   1.92360768e+041 -6.14508849e+016  2.87711495e+004 -4.66103253e+000
  -1.15897713e-001  3.26242032e-002 -3.75458648e-001 -3.12371949e-001
  -9.64188778e-002 -1.68680073e-001 -4.12674058e-002  1.90694940e-001]]

=========================================================================================================
