	Gamma for n_discr = 20, eta = 0.01, eps = 1e-05, N_iter = 100000, cyclic_lr = True, is 

 		[[ 7.36287112e-001              nan              nan              nan
   2.30948006e+258 -2.72341642e+182 -8.84146933e+123 -1.06155661e+080
   1.59486286e+049  1.65498640e+028  3.70333585e+014 -1.21387325e+007
  -8.00427156e+002  4.35016658e+000  1.61026349e-001  9.84575882e-002
  -6.04128835e-002  1.14374221e-001  1.17988300e-001 -1.72820640e-001]
 [-4.72764518e-001              nan              nan              nan
  -2.30948006e+258  2.72341642e+182  8.84146933e+123  1.06155661e+080
  -1.59486286e+049 -1.65498640e+028 -3.70333585e+014  1.21387224e+007
   7.98595549e+002 -3.80764410e+000  3.11802236e-001 -2.38275341e-002
   3.01458931e-001 -1.92274034e-001 -2.91064594e-001 -1.56673344e-001]]

=========================================================================================================
