	Gamma for n_discr = 20, eta = 0.01, eps = 1e-05, N_iter = 100000, cyclic_lr = True, is 

 		[[ 7.01225821e-001              nan              nan              nan
               nan -5.50550714e+268  5.48614687e+186 -6.99133510e+123
   5.07855566e+076  3.18598443e+043  9.56236573e+020 -9.01832348e+007
  -2.43253276e+001 -2.83908594e+000  1.63613019e-001 -1.95022674e-002
   4.55115185e-002  2.82245592e-001  1.43352015e-001 -2.27641259e-002]
 [-4.50251922e-001              nan              nan              nan
               nan  5.50550714e+268 -5.48614687e+186  6.99133510e+123
  -5.07855566e+076 -3.18598443e+043 -9.56236573e+020  9.01895513e+007
  -3.86797576e+001  1.06056311e+000 -3.60813864e-001  3.55003028e-002
   4.97013408e-002  3.59904346e-002 -7.75709132e-002  7.88687962e-002]]

=========================================================================================================
