	Gamma for n_discr = 20, eta = 0.01, eps = 1e-05, N_iter = 100000, cyclic_lr = True, is 

 		[[ 7.47974209e-001              nan  9.62959099e+213 -8.26554282e+137
  -1.45124102e+086  1.08449096e+053 -3.53865606e+031 -4.97607086e+017
  -1.90035113e+009  6.02665183e+004  6.35321311e+001  2.85416595e+000
  -9.51297509e-001  9.27049940e-001  7.85177866e-001  3.25203948e-001
   3.62107418e-001 -2.73350918e-001  1.39944779e-001 -1.09451534e-001]
 [-4.80268716e-001              nan -1.05161252e+215  8.26554282e+137
   1.45124102e+086 -1.08449096e+053  3.53865606e+031  4.97607086e+017
   1.90035115e+009 -6.02703677e+004 -6.58013200e+001 -2.58505454e+000
   1.50551828e+000 -9.29496170e-001 -7.46328229e-001 -9.16919412e-001
  -1.34793490e-001 -3.04940941e-001  7.98843206e-003 -2.38136288e-001]]

=========================================================================================================
