	Gamma for n_discr = 20, eta = 0.01, eps = 1e-05, N_iter = 100000, cyclic_lr = True, is 

 		[[ 7.21260844e-001              nan              nan              nan
   1.16951152e+289  3.95013040e+203  7.78606505e+139 -4.79604270e+093
  -1.60495070e+061  1.62415871e+038  4.51422659e+021  1.31903498e+011
   4.12605450e+004 -6.60796604e+001  2.78373507e+000 -1.94544956e-001
   3.79317428e-002  1.32113261e-001 -1.88415713e-001 -2.27667558e-001]
 [-4.63116262e-001              nan              nan              nan
  -1.16951152e+289 -3.95013040e+203 -7.78606505e+139  4.79604270e+093
   1.60495070e+061 -1.62415871e+038 -4.51422659e+021 -1.31903498e+011
  -4.12627137e+004  6.16590199e+001 -2.90789093e+000  8.73684814e-001
   1.81076510e-001  2.15384129e-001 -3.45565165e-002 -1.66378806e-001]]

=========================================================================================================
