	Gamma for n_discr = 20, eta = 0.01, eps = 1e-05, N_iter = 100000, cyclic_lr = True, is 

 		[[ 0.84146257  0.84147334  0.84273196  0.84301147  0.84372719  0.84415054
   0.84425927  0.84517342  0.8448088   0.84491249  0.84495865  0.84479489
   0.84408384  0.84364054  0.84267895  0.84166162  0.84043075  0.83962395
   0.83801916  0.83701468]
 [-0.5402969  -0.52762688 -0.51696186 -0.50670718 -0.49616493 -0.48554747
  -0.47571559 -0.46505194 -0.45472506 -0.44490211 -0.43480242 -0.42435844
  -0.41485534 -0.40562128 -0.39636997 -0.38715791 -0.37906578 -0.37002531
  -0.36104503 -0.35209673]]

=========================================================================================================
