	Gamma for n_discr = 20, eta = 0.01, eps = 1e-05, N_iter = 100000, cyclic_lr = True, is 

 		[[ 7.01225821e-001              nan              nan -7.11862187e+240
   7.57902175e+176 -2.69959935e+126  3.95681060e+086 -2.82132846e+056
   3.45788258e+034  4.93794163e+018 -4.49815857e+008 -1.08259369e+003
   3.79286349e-001 -1.10471589e+000  2.89835666e-002 -1.07822093e-001
  -5.27964447e-002  3.32772998e-001  2.36052299e-001  1.80064134e-001]
 [-4.50251922e-001              nan              nan  8.73601883e+240
  -7.57902175e+176  2.69959935e+126 -3.95681060e+086  2.82132846e+056
  -3.45788258e+034 -4.93794163e+018  4.49783651e+008  1.15388277e+003
  -1.68935030e+000  5.01547879e-001 -2.32840202e-001 -1.30628949e-001
  -1.30305957e-001  3.90258197e-002 -1.08882205e-001  1.43746386e-001]]

=========================================================================================================
