	Gamma for n_discr = 20, eta = 0.01, eps = 1e-05, N_iter = 100000, cyclic_lr = True, is 

 		[[ 7.21260844e-001              nan              nan              nan
   2.09235178e+213 -2.43474212e+137  2.24760862e+082  1.61791492e+045
   2.09503987e+021 -9.41902253e+007 -1.10168314e+002  4.87026534e-001
   3.64614154e-001 -7.18342994e-002  6.29584605e-001 -2.32406064e-002
  -2.36536342e-002  3.24258128e-001  1.73367246e-001 -9.48749810e-002]
 [-4.63116262e-001              nan              nan              nan
  -2.09235178e+213  2.43474212e+137 -2.24760862e+082 -1.61791492e+045
  -2.09503987e+021  9.41942313e+007  9.85779293e+001  1.81271993e-002
  -6.27586399e-002 -7.54745896e-002  2.72115714e-001 -2.38303359e-001
   4.03166791e-002 -1.49224676e-001  2.61176504e-003  1.17595117e-001]]

=========================================================================================================
