	Gamma for n_discr = 20, eta = 0.01, eps = 1e-05, N_iter = 100000, cyclic_lr = True, is 

 		[[ 7.01225821e-001              nan              nan  8.19305780e+239
  -4.29652149e+175  4.07776305e+124  9.12952744e+085 -1.15143198e+056
  -5.53921407e+033  8.13774153e+018 -1.13843246e+009  1.57677819e+003
  -3.02872811e+000 -7.68289048e-001  7.81786720e-002 -1.17856767e-001
  -1.12699237e-001  1.43512671e-001  4.86086498e-002 -2.11273096e-001]
 [-4.50251922e-001              nan              nan  2.55385395e+239
   4.29652149e+175 -4.07776305e+124 -9.12952744e+085  1.15143198e+056
   5.53921407e+033 -8.13774152e+018  1.13849193e+009 -1.41366493e+003
  -5.23287431e-001  3.18105310e-001 -2.59158257e-001 -4.09675799e-001
  -3.10996619e-001  1.32007389e-001  6.60691534e-002  1.24507106e-001]]

=========================================================================================================
