	Gamma for n_discr = 20, eta = 0.01, eps = 1e-05, N_iter = 100000, cyclic_lr = True, is 

 		[[ 7.21260844e-001              nan              nan              nan
               nan              nan -1.43431668e+237 -1.53061533e+159
  -1.41804743e+101 -3.23398779e+059 -2.09709308e+031  2.54544043e+014
   1.12650043e+005 -7.23348279e+000  2.26529200e+000  2.71778269e-001
   1.24299220e-001 -6.86756160e-002 -1.39938445e-001  1.98115925e-001]
 [-4.63116262e-001              nan              nan              nan
               nan              nan  1.43431668e+237  1.53061533e+159
   1.41804743e+101  3.23398779e+059  2.09709308e+031 -2.54544043e+014
  -1.12724022e+005 -4.77756035e+000 -1.66991573e+000 -4.60353411e-001
   2.73186596e-001 -3.47905231e-001  1.71349718e-001  1.39278850e-001]]

=========================================================================================================
