	Gamma for n_discr = 20, eta = 0.01, eps = 1e-05, N_iter = 100000, cyclic_lr = True, is 

 		[[ 7.57323886e-001              nan              nan  6.07238136e+247
  -1.61759676e+134 -1.19256148e+065 -6.57863251e+026  1.70404762e+008
   4.80019783e+000  1.11506551e+000 -9.98577538e-002 -4.54366709e-003
   7.34548259e-001  2.02355473e-001 -6.01499320e-002  1.51843392e-001
   1.14448670e-001 -6.95356923e-002  1.05932604e-001 -1.24862591e-001]
 [-4.86272075e-001              nan              nan -6.07238136e+247
   1.61759676e+134  1.19256148e+065  6.57863251e+026 -1.70386998e+008
  -2.56191269e+000  9.33484715e-001  4.87496169e-002 -3.10356462e-001
  -8.61700423e-001 -1.39749178e-001 -1.37954119e-001  7.46707300e-002
  -6.86124162e-002  1.60172951e-001  2.40296520e-001  2.07920912e-001]]

=========================================================================================================
