	Gamma for n_discr = 20, eta = 0.01, eps = 1e-05, N_iter = 100000, cyclic_lr = True, is 

 		[[ 7.47974209e-001              nan -5.97887642e+232  1.54560584e+123
  -1.03085469e+061 -3.93478465e+027 -3.61865483e+010  8.78601448e+002
   2.22418665e+000  3.46722008e-001  1.87159732e+000  8.39457621e-001
   2.39836560e-001 -1.59458229e-002  1.94852562e-001  5.53511662e-001
   1.69905718e-001  1.75543528e-001  2.13675599e-001 -9.29899404e-003]
 [-4.80268716e-001              nan -5.17300412e+234 -1.54560584e+123
   1.03085469e+061  3.93478465e+027  3.61865488e+010 -8.75298459e+002
  -3.30126838e+000 -4.76362677e-001 -8.60020904e-001 -1.23149546e+000
  -4.65588979e-001 -9.24245825e-002 -1.83903885e-001 -1.67838068e-003
   4.91603695e-003 -2.68433239e-003  1.65560740e-004 -3.62936364e-002]]

=========================================================================================================
