	Gamma for n_discr = 20, eta = 0.01, eps = 1e-05, N_iter = 100000, cyclic_lr = True, is 

 		[[ 7.21260844e-001              nan              nan              nan
   1.85161674e+287 -1.11784991e+211  3.07152984e+150 -1.74482030e+105
  -9.80107696e+071  6.53346473e+047  1.39134158e+031 -1.17322602e+020
  -1.56689551e+012  8.44158732e+006 -1.31799592e+003 -5.09990422e+000
  -2.01847739e-001  1.77884322e-001 -5.23900179e-003 -2.69148834e-001]
 [-4.63116262e-001              nan              nan              nan
  -1.85161674e+287  1.11784991e+211 -3.07152984e+150  1.74482030e+105
   9.80107696e+071 -6.53346473e+047 -1.39134158e+031  1.17322602e+020
   1.56689549e+012 -8.44198117e+006  1.33057092e+003  8.70637818e+000
   7.22530614e-001  1.31507609e-001  1.45308168e-001  1.98499711e-001]]

=========================================================================================================
