	Gamma for n_discr = 20, eta = 0.01, eps = 1e-05, N_iter = 100000, cyclic_lr = True, is 

 		[[ 0.84146257  0.83986643  0.77634654  0.68266335  0.58590405  0.49267663
   0.41105106  0.33265997  0.26448439  0.20296697  0.14947368  0.10834402
   0.06764001  0.03724336  0.01092602 -0.00813555 -0.02597087 -0.03847362
  -0.04683594 -0.05402475]
 [-0.5402969  -0.27882146 -0.09617867  0.03334115  0.11996891  0.17711587
   0.21210342  0.23424696  0.24245232  0.24085963  0.23490822  0.22668322
   0.20853291  0.18904022  0.17102854  0.15285723  0.13245959  0.11454748
   0.09819637  0.08201094]]

=========================================================================================================
