	Gamma for n_discr = 20, eta = 0.01, eps = 1e-05, N_iter = 100000, cyclic_lr = True, is 

 		[[ 7.36287112e-001              nan              nan  2.10500186e+302
  -1.89173449e+190  7.84117725e+116  2.71362508e+070  3.51423040e+040
  -6.13513639e+021 -1.63148740e+010 -1.30310149e+003  7.06811372e+000
  -7.82632109e-001 -7.36539590e-001  2.31573694e-001  1.05413646e-001
   1.66093478e-001 -2.88509909e-001  2.50247722e-001  1.08164011e-001]
 [-4.72764518e-001              nan              nan -2.10500186e+302
   1.89173449e+190 -7.84117725e+116 -2.71362508e+070 -3.51423040e+040
   6.13513639e+021  1.63148751e+010  1.29694387e+003 -8.82821658e+000
  -4.96688062e-001 -1.88533149e-001  6.71573694e-002 -2.05980110e-001
   9.85283323e-002  1.70316043e-001  2.34652993e-001 -1.08527466e-001]]

=========================================================================================================
