	Gamma for n_discr = 20, eta = 0.01, eps = 1e-05, N_iter = 100000, cyclic_lr = True, is 

 		[[ 7.57323886e-001              nan              nan              nan
               nan              nan  1.55436837e+223 -2.26755364e+148
   1.03076069e+094 -1.48630600e+056 -8.89522006e+030 -7.93893018e+014
   2.15981337e+005 -1.25541837e+001  4.11363037e-001  1.44036359e-001
  -1.58562543e-001  2.04728159e-001  1.08117614e-001 -7.00916690e-002]
 [-4.86272075e-001              nan              nan              nan
               nan              nan -1.55436837e+223  2.26755364e+148
  -1.03076069e+094  1.48630600e+056  8.89522006e+030  7.93893018e+014
  -2.15499480e+005  4.44459722e+000 -6.35204729e-001  5.20112273e-003
  -1.87813533e-001  5.31435640e-001  1.84583677e-001  3.30677253e-001]]

=========================================================================================================
