	Gamma for n_discr = 20, eta = 0.01, eps = 1e-05, N_iter = 100000, cyclic_lr = True, is 

 		[[ 7.21260844e-001              nan              nan  6.58956076e+240
  -2.32047432e+176  1.54418438e+126  4.38953480e+086  6.70792776e+056
   3.42853957e+037  3.11702025e+023 -4.93594526e+013  6.47316252e+007
   8.54166573e+003 -4.95008975e+001  1.44210464e+000  5.01071664e-002
   4.00643677e-001 -1.64562358e-001  2.66636456e-001 -1.29530851e-001]
 [-4.63116262e-001              nan              nan -6.58956076e+240
   2.32047432e+176 -1.54418438e+126 -4.38953480e+086 -6.70792776e+056
  -3.42853957e+037 -3.11702025e+023  4.93594528e+013 -6.47317807e+007
  -8.54214278e+003  5.11932259e+001 -1.66853104e+000 -9.01718059e-002
  -2.88529628e-001 -1.11166242e-001  1.69170757e-001  1.85187508e-001]]

=========================================================================================================
