	Gamma for n_discr = 20, eta = 0.01, eps = 1e-05, N_iter = 100000, cyclic_lr = True, is 

 		[[ 7.21260844e-001              nan              nan              nan
   8.02245589e+226 -3.91759375e+130  2.49166742e+069  1.22293234e+034
   7.97388302e+014 -8.41374648e+005  1.74680874e+002 -4.41460001e+000
   8.56585677e-003  1.44624707e-001 -2.42659765e-001 -5.73608393e-001
   6.02338744e-001  3.08408269e-001  7.95902254e-002 -7.04117056e-002]
 [-4.63116262e-001              nan              nan              nan
  -8.02245589e+226  3.91759375e+130 -2.49166742e+069 -1.22293234e+034
  -7.97388302e+014  8.41364706e+005 -1.72977527e+002  2.53560110e+000
   6.93697952e-001 -8.54191927e-002 -3.58452153e-001 -4.18413782e-002
   3.25413933e-001  3.83743441e-002  1.29477535e-001  7.38715482e-002]]

=========================================================================================================
