	Gamma for n_discr = 50, eta = 0.01, eps = 1e-05, N_iter = 100000, cyclic_lr = True, is 

 		[[ 7.47974209e-001              nan              nan              nan
               nan              nan              nan              nan
               nan              nan              nan              nan
               nan              nan              nan              nan
               nan -1.25475634e+246  3.61784730e+191  3.42551779e+145
   4.44223240e+107  5.21648027e+077  3.02387567e+053 -1.91892571e+034
  -4.35423322e+022  6.20802457e+013  3.05914460e+007  3.02244391e+003
  -5.24946168e+001 -1.25260742e+000  5.66554926e-001  9.20065857e-001
  -2.53214034e-002 -1.98867987e-001 -8.83501140e-002  1.05118966e-002
  -1.05661895e-001 -4.94711897e-002 -2.59088235e-001 -1.07411768e-001
   2.44942490e-001  2.15782122e-001 -1.24078456e-001  3.03509252e-001
  -3.47682619e-002 -2.32386881e-001 -2.35946239e-001  1.08746906e-001
   1.85647314e-001 -8.66859114e-002]
 [-4.80268716e-001              nan              nan              nan
               nan              nan              nan              nan
               nan              nan              nan              nan
               nan              nan              nan              nan
               nan  1.25475634e+246 -3.61784730e+191 -3.42551779e+145
  -4.44223240e+107 -5.21648027e+077 -3.02387567e+053  1.91892571e+034
   4.35423322e+022 -6.20802449e+013 -3.05881059e+007 -2.95314516e+003
   6.25859509e+001  1.69353827e+000  1.68588566e+000 -4.54895044e-001
   2.84883688e-001  4.40245653e-001  3.20614383e-003  2.90043207e-001
  -1.80045791e-001 -1.62296736e-001 -1.64597748e-001  3.04437321e-002
   7.29675996e-002  3.67474549e-002  2.55486574e-001  1.59815194e-001
  -7.93524581e-002 -3.21799817e-001  2.54644713e-002 -1.11414922e-001
  -7.27318361e-002 -8.14230044e-002]]

=========================================================================================================
