	Gamma for n_discr = 20, eta = 0.01, eps = 1e-05, N_iter = 100000, cyclic_lr = True, is 

 		[[ 7.47974209e-001              nan  1.16487717e+303  8.30107800e+145
  -1.03260518e+068 -2.68290731e+032 -4.65269540e+016 -4.04584446e+008
  -7.47967413e+003 -5.60946339e+000  1.26638194e-002  1.47030551e-001
   1.48378495e-001 -6.78207792e-003  2.40284547e-002 -3.17775352e-001
   1.82056313e-001 -1.14879765e-001  3.78874860e-002 -3.74722998e-001]
 [-4.80268716e-001              nan  2.51744493e+303 -8.30107800e+145
   1.03260518e+068  2.68290731e+032  4.65269540e+016  4.04584446e+008
   7.47988982e+003  4.86318968e+000  1.21148042e-001 -1.81149577e-001
   6.36643549e-002 -3.88175286e-001 -7.42284966e-001 -1.68207457e-001
  -3.13928683e-001 -1.03626603e-001  2.77987313e-001 -2.08878108e-001]]

=========================================================================================================
