	Gamma for n_discr = 50, eta = 0.01, eps = 1e-05, N_iter = 100000, cyclic_lr = True, is 

 		[[ 0.84147098  0.84483029  0.84610596  0.84718268  0.84777715  0.84790555
   0.84742458  0.84582616  0.84371376  0.84163055  0.83885241  0.83480639
   0.83138238  0.82796212  0.82404229  0.81971958  0.81515214  0.81072686
   0.80551186  0.80045503  0.79481943  0.7892984   0.78369089  0.77798575
   0.77194501  0.76583487  0.75951194  0.7527522   0.74642255  0.74029347
   0.73301985  0.7260083   0.71953307  0.71294052  0.70557278  0.69801097
   0.69102792  0.68387069  0.67705386  0.67018747  0.66262827  0.65525946
   0.64730911  0.63967472  0.63207501  0.62444715  0.61677282  0.60920146
   0.60213885  0.59447285]
 [-0.54030231 -0.51963424 -0.49845139 -0.47661146 -0.45524233 -0.43478702
  -0.41508478 -0.39648548 -0.37727466 -0.35911229 -0.3413263  -0.32419169
  -0.30813254 -0.29288651 -0.2761153  -0.26079619 -0.24502216 -0.23000458
  -0.21590067 -0.20097439 -0.18809656 -0.17462871 -0.16205402 -0.14899864
  -0.1375593  -0.12570486 -0.11299838 -0.10103903 -0.08968986 -0.07872689
  -0.06833805 -0.05817208 -0.04878623 -0.03918364 -0.02883613 -0.01993616
  -0.01051982 -0.00190405  0.00626541  0.01504068  0.02378904  0.03106296
   0.0384357   0.04490068  0.05215288  0.05830362  0.06476329  0.07159482
   0.07758016  0.0836956 ]]

=========================================================================================================
