	Gamma for n_discr = 20, eta = 0.01, eps = 1e-05, N_iter = 100000, cyclic_lr = True, is 

 		[[ 8.41462570e-01  4.83264411e-01  1.90525911e-01  1.76044554e-03
  -6.25881595e-02 -6.36913066e-02 -5.33623645e-02 -7.38380598e-03
  -1.38791571e-02  7.79315974e-03  1.17565258e-02  1.40978783e-02
   4.01053779e-03  1.19612909e-02  1.36459735e-02  1.08320662e-02
   7.06611193e-03 -3.97437962e-03 -6.04891832e-03  1.98071100e-03]
 [-5.40296903e-01 -9.88582776e-02  2.83458833e-01  2.03525286e-01
   1.02019604e-01  4.26798709e-02 -4.45036932e-03 -2.74463427e-03
  -2.96636345e-03 -5.18677936e-04  9.93737509e-03 -5.76566225e-03
  -2.85192896e-04  7.09751726e-03  5.20004376e-05  7.72404848e-03
   7.39992798e-03  9.78164578e-04  7.47295530e-04 -5.46731328e-03]]

=========================================================================================================
