	Gamma for n_discr = 20, eta = 0.01, eps = 1e-05, N_iter = 100000, cyclic_lr = True, is 

 		[[ 7.47974209e-001              nan -5.26737970e+281 -1.03242442e+205
   6.27554437e+143  1.32143701e+097  1.91880293e+062  5.89467728e+037
  -9.54344800e+020 -1.06916096e+011  5.76936035e+005 -6.33719119e+002
   8.24119746e+000  2.84674015e-001 -2.69776496e-001 -2.69327795e-001
  -3.52899696e-001  2.92755721e-001  2.46719282e-001  1.25110242e-001]
 [-4.80268716e-001              nan -3.21967976e+281  1.03242442e+205
  -6.27554437e+143 -1.32143701e+097 -1.91880293e+062 -5.89467728e+037
   9.54344800e+020  1.06916096e+011 -5.76935888e+005  6.34557212e+002
  -8.38383394e+000 -3.00278781e-001  2.90072172e-001  4.36444263e-001
   1.86770200e-002  1.57912020e-001 -3.13394069e-001  4.37745231e-002]]

=========================================================================================================
